3 0.83 1.83 1.50 1 0.00 3_1_1_-5_0
3 0.83 1.83 1.50 2 0.00 3_2_1_-5_0
3 0.83 1.83 1.50 1 0.17 3_1_1_-5_5
3 0.83 1.83 1.50 2 0.17 3_2_1_-5_5
3 0.83 1.83 1.50 1 0.33 3_1_1_-5_10
3 0.83 1.83 1.50 2 0.33 3_2_1_-5_10
3 1.50 1.83 1.50 1 0.00 3_1_1_-1_0
3 1.50 1.83 1.50 2 0.00 3_2_1_-1_0
3 1.50 1.83 1.50 1 0.32 3_1_1_-1_5
3 1.50 1.83 1.50 2 0.32 3_2_1_-1_5
3 1.50 1.83 1.50 1 0.64 3_1_1_-1_10
3 1.50 1.83 1.50 2 0.64 3_2_1_-1_10
3 2.17 1.83 1.50 1 0.00 3_1_1_3_0
3 2.17 1.83 1.50 2 0.00 3_2_1_3_0
3 2.17 1.83 1.50 1 0.48 3_1_1_3_5
3 2.17 1.83 1.50 2 0.48 3_2_1_3_5
3 2.17 1.83 1.50 1 0.96 3_1_1_3_10
3 2.17 1.83 1.50 2 0.96 3_2_1_3_10
3 2.83 1.83 1.50 1 0.00 3_1_1_7_0
3 2.83 1.83 1.50 1 0.64 3_1_1_7_5
3 2.83 1.83 1.50 1 1.27 3_1_1_7_10
3 0.83 2.33 1.00 1 0.00 3_1_4_-5_0
3 0.83 2.33 1.00 2 0.00 3_2_4_-5_0
3 0.83 2.33 1.00 1 0.12 3_1_4_-5_5
3 0.83 2.33 1.00 2 0.12 3_2_4_-5_5
3 0.83 2.33 1.00 1 0.24 3_1_4_-5_10
3 0.83 2.33 1.00 2 0.24 3_2_4_-5_10
3 1.50 2.33 1.00 1 0.00 3_1_4_-1_0
3 1.50 2.33 1.00 2 0.00 3_2_4_-1_0
3 1.50 2.33 1.00 1 0.25 3_1_4_-1_5
3 1.50 2.33 1.00 2 0.25 3_2_4_-1_5
3 1.50 2.33 1.00 1 0.51 3_1_4_-1_10
3 1.50 2.33 1.00 2 0.51 3_2_4_-1_10
3 2.17 2.33 1.00 1 0.00 3_1_4_3_0
3 2.17 2.33 1.00 2 0.00 3_2_4_3_0
3 2.17 2.33 1.00 1 0.40 3_1_4_3_5
3 2.17 2.33 1.00 2 0.40 3_2_4_3_5
3 2.17 2.33 1.00 1 0.80 3_1_4_3_10
3 2.17 2.33 1.00 2 0.80 3_2_4_3_10
3 2.83 2.33 1.00 1 0.00 3_1_4_7_0
3 2.83 2.33 1.00 1 0.55 3_1_4_7_5
3 2.83 2.33 1.00 1 1.10 3_1_4_7_10
3 0.83 2.83 0.50 1 0.00 3_1_7_-5_0
3 0.83 2.83 0.50 2 0.00 3_2_7_-5_0
3 0.83 2.83 0.50 1 0.11 3_1_7_-5_5
3 0.83 2.83 0.50 2 0.11 3_2_7_-5_5
3 0.83 2.83 0.50 1 0.22 3_1_7_-5_10
3 0.83 2.83 0.50 2 0.22 3_2_7_-5_10
3 1.50 2.83 0.50 1 0.00 3_1_7_-1_0
3 1.50 2.83 0.50 2 0.00 3_2_7_-1_0
3 1.50 2.83 0.50 1 0.22 3_1_7_-1_5
3 1.50 2.83 0.50 2 0.22 3_2_7_-1_5
3 1.50 2.83 0.50 1 0.44 3_1_7_-1_10
3 1.50 2.83 0.50 2 0.44 3_2_7_-1_10
3 2.17 2.83 0.50 1 0.00 3_1_7_3_0
3 2.17 2.83 0.50 2 0.00 3_2_7_3_0
3 2.17 2.83 0.50 1 0.35 3_1_7_3_5
3 2.17 2.83 0.50 2 0.35 3_2_7_3_5
3 2.17 2.83 0.50 1 0.70 3_1_7_3_10
3 2.17 2.83 0.50 2 0.70 3_2_7_3_10
3 2.83 2.83 0.50 1 0.00 3_1_7_7_0
3 2.83 2.83 0.50 1 0.49 3_1_7_7_5
3 2.83 2.83 0.50 1 0.97 3_1_7_7_10
4 0.62 1.38 1.12 1 0.00 4_1_1_-5_0
4 0.62 1.38 1.12 2 0.00 4_2_1_-5_0
4 0.62 1.38 1.12 1 0.12 4_1_1_-5_5
4 0.62 1.38 1.12 2 0.12 4_2_1_-5_5
4 0.62 1.38 1.12 1 0.25 4_1_1_-5_10
4 0.62 1.38 1.12 2 0.25 4_2_1_-5_10
4 1.12 1.38 1.12 1 0.00 4_1_1_-1_0
4 1.12 1.38 1.12 2 0.00 4_2_1_-1_0
4 1.12 1.38 1.12 1 0.24 4_1_1_-1_5
4 1.12 1.38 1.12 2 0.24 4_2_1_-1_5
4 1.12 1.38 1.12 1 0.48 4_1_1_-1_10
4 1.12 1.38 1.12 2 0.48 4_2_1_-1_10
4 1.62 1.38 1.12 1 0.00 4_1_1_3_0
4 1.62 1.38 1.12 2 0.00 4_2_1_3_0
4 1.62 1.38 1.12 1 0.36 4_1_1_3_5
4 1.62 1.38 1.12 2 0.36 4_2_1_3_5
4 1.62 1.38 1.12 1 0.72 4_1_1_3_10
4 1.62 1.38 1.12 2 0.72 4_2_1_3_10
4 2.12 1.38 1.12 1 0.00 4_1_1_7_0
4 2.12 1.38 1.12 2 0.00 4_2_1_7_0
4 2.12 1.38 1.12 1 0.48 4_1_1_7_5
4 2.12 1.38 1.12 2 0.48 4_2_1_7_5
4 2.12 1.38 1.12 1 0.95 4_1_1_7_10
4 2.12 1.38 1.12 2 0.95 4_2_1_7_10
4 0.62 1.75 0.75 1 0.00 4_1_4_-5_0
4 0.62 1.75 0.75 2 0.00 4_2_4_-5_0
4 0.62 1.75 0.75 1 0.09 4_1_4_-5_5
4 0.62 1.75 0.75 2 0.09 4_2_4_-5_5
4 0.62 1.75 0.75 1 0.18 4_1_4_-5_10
4 0.62 1.75 0.75 2 0.18 4_2_4_-5_10
4 1.12 1.75 0.75 1 0.00 4_1_4_-1_0
4 1.12 1.75 0.75 2 0.00 4_2_4_-1_0
4 1.12 1.75 0.75 1 0.19 4_1_4_-1_5
4 1.12 1.75 0.75 2 0.19 4_2_4_-1_5
4 1.12 1.75 0.75 1 0.38 4_1_4_-1_10
4 1.12 1.75 0.75 2 0.38 4_2_4_-1_10
4 1.62 1.75 0.75 1 0.00 4_1_4_3_0
4 1.62 1.75 0.75 2 0.00 4_2_4_3_0
4 1.62 1.75 0.75 1 0.30 4_1_4_3_5
4 1.62 1.75 0.75 2 0.30 4_2_4_3_5
4 1.62 1.75 0.75 1 0.60 4_1_4_3_10
4 1.62 1.75 0.75 2 0.60 4_2_4_3_10
4 2.12 1.75 0.75 1 0.00 4_1_4_7_0
4 2.12 1.75 0.75 2 0.00 4_2_4_7_0
4 2.12 1.75 0.75 1 0.41 4_1_4_7_5
4 2.12 1.75 0.75 2 0.41 4_2_4_7_5
4 2.12 1.75 0.75 1 0.82 4_1_4_7_10
4 2.12 1.75 0.75 2 0.82 4_2_4_7_10
4 0.62 2.12 0.38 1 0.00 4_1_7_-5_0
4 0.62 2.12 0.38 2 0.00 4_2_7_-5_0
4 0.62 2.12 0.38 1 0.08 4_1_7_-5_5
4 0.62 2.12 0.38 2 0.08 4_2_7_-5_5
4 0.62 2.12 0.38 1 0.16 4_1_7_-5_10
4 0.62 2.12 0.38 2 0.16 4_2_7_-5_10
4 1.12 2.12 0.38 1 0.00 4_1_7_-1_0
4 1.12 2.12 0.38 2 0.00 4_2_7_-1_0
4 1.12 2.12 0.38 1 0.17 4_1_7_-1_5
4 1.12 2.12 0.38 2 0.17 4_2_7_-1_5
4 1.12 2.12 0.38 1 0.33 4_1_7_-1_10
4 1.12 2.12 0.38 2 0.33 4_2_7_-1_10
4 1.62 2.12 0.38 1 0.00 4_1_7_3_0
4 1.62 2.12 0.38 2 0.00 4_2_7_3_0
4 1.62 2.12 0.38 1 0.26 4_1_7_3_5
4 1.62 2.12 0.38 2 0.26 4_2_7_3_5
4 1.62 2.12 0.38 1 0.52 4_1_7_3_10
4 1.62 2.12 0.38 2 0.52 4_2_7_3_10
4 2.12 2.12 0.38 1 0.00 4_1_7_7_0
4 2.12 2.12 0.38 2 0.00 4_2_7_7_0
4 2.12 2.12 0.38 1 0.37 4_1_7_7_5
4 2.12 2.12 0.38 2 0.37 4_2_7_7_5
4 2.12 2.12 0.38 1 0.73 4_1_7_7_10
4 2.12 2.12 0.38 2 0.73 4_2_7_7_10
5 0.50 1.10 0.90 1 0.00 5_1_1_-5_0
5 0.50 1.10 0.90 2 0.00 5_2_1_-5_0
5 0.50 1.10 0.90 1 0.10 5_1_1_-5_5
5 0.50 1.10 0.90 2 0.10 5_2_1_-5_5
5 0.50 1.10 0.90 1 0.20 5_1_1_-5_10
5 0.50 1.10 0.90 2 0.20 5_2_1_-5_10
5 0.90 1.10 0.90 1 0.00 5_1_1_-1_0
5 0.90 1.10 0.90 2 0.00 5_2_1_-1_0
5 0.90 1.10 0.90 1 0.19 5_1_1_-1_5
5 0.90 1.10 0.90 2 0.19 5_2_1_-1_5
5 0.90 1.10 0.90 1 0.38 5_1_1_-1_10
5 0.90 1.10 0.90 2 0.38 5_2_1_-1_10
5 1.30 1.10 0.90 1 0.00 5_1_1_3_0
5 1.30 1.10 0.90 2 0.00 5_2_1_3_0
5 1.30 1.10 0.90 1 0.29 5_1_1_3_5
5 1.30 1.10 0.90 2 0.29 5_2_1_3_5
5 1.30 1.10 0.90 1 0.57 5_1_1_3_10
5 1.30 1.10 0.90 2 0.57 5_2_1_3_10
5 1.70 1.10 0.90 1 0.00 5_1_1_7_0
5 1.70 1.10 0.90 2 0.00 5_2_1_7_0
5 1.70 1.10 0.90 1 0.38 5_1_1_7_5
5 1.70 1.10 0.90 2 0.38 5_2_1_7_5
5 1.70 1.10 0.90 1 0.76 5_1_1_7_10
5 1.70 1.10 0.90 2 0.76 5_2_1_7_10
5 0.50 1.40 0.60 1 0.00 5_1_4_-5_0
5 0.50 1.40 0.60 2 0.00 5_2_4_-5_0
5 0.50 1.40 0.60 1 0.07 5_1_4_-5_5
5 0.50 1.40 0.60 2 0.07 5_2_4_-5_5
5 0.50 1.40 0.60 1 0.15 5_1_4_-5_10
5 0.50 1.40 0.60 2 0.15 5_2_4_-5_10
5 0.90 1.40 0.60 1 0.00 5_1_4_-1_0
5 0.90 1.40 0.60 2 0.00 5_2_4_-1_0
5 0.90 1.40 0.60 1 0.15 5_1_4_-1_5
5 0.90 1.40 0.60 2 0.15 5_2_4_-1_5
5 0.90 1.40 0.60 1 0.30 5_1_4_-1_10
5 0.90 1.40 0.60 2 0.30 5_2_4_-1_10
5 1.30 1.40 0.60 1 0.00 5_1_4_3_0
5 1.30 1.40 0.60 2 0.00 5_2_4_3_0
5 1.30 1.40 0.60 1 0.24 5_1_4_3_5
5 1.30 1.40 0.60 2 0.24 5_2_4_3_5
5 1.30 1.40 0.60 1 0.48 5_1_4_3_10
5 1.30 1.40 0.60 2 0.48 5_2_4_3_10
5 1.70 1.40 0.60 1 0.00 5_1_4_7_0
5 1.70 1.40 0.60 2 0.00 5_2_4_7_0
5 1.70 1.40 0.60 1 0.33 5_1_4_7_5
5 1.70 1.40 0.60 2 0.33 5_2_4_7_5
5 1.70 1.40 0.60 1 0.66 5_1_4_7_10
5 1.70 1.40 0.60 2 0.66 5_2_4_7_10
5 0.50 1.70 0.30 1 0.00 5_1_7_-5_0
5 0.50 1.70 0.30 2 0.00 5_2_7_-5_0
5 0.50 1.70 0.30 1 0.07 5_1_7_-5_5
5 0.50 1.70 0.30 2 0.07 5_2_7_-5_5
5 0.50 1.70 0.30 1 0.13 5_1_7_-5_10
5 0.50 1.70 0.30 2 0.13 5_2_7_-5_10
5 0.90 1.70 0.30 1 0.00 5_1_7_-1_0
5 0.90 1.70 0.30 2 0.00 5_2_7_-1_0
5 0.90 1.70 0.30 1 0.13 5_1_7_-1_5
5 0.90 1.70 0.30 2 0.13 5_2_7_-1_5
5 0.90 1.70 0.30 1 0.26 5_1_7_-1_10
5 0.90 1.70 0.30 2 0.26 5_2_7_-1_10
5 1.30 1.70 0.30 1 0.00 5_1_7_3_0
5 1.30 1.70 0.30 2 0.00 5_2_7_3_0
5 1.30 1.70 0.30 1 0.21 5_1_7_3_5
5 1.30 1.70 0.30 2 0.21 5_2_7_3_5
5 1.30 1.70 0.30 1 0.42 5_1_7_3_10
5 1.30 1.70 0.30 2 0.42 5_2_7_3_10
5 1.70 1.70 0.30 1 0.00 5_1_7_7_0
5 1.70 1.70 0.30 2 0.00 5_2_7_7_0
5 1.70 1.70 0.30 1 0.29 5_1_7_7_5
5 1.70 1.70 0.30 2 0.29 5_2_7_7_5
5 1.70 1.70 0.30 1 0.58 5_1_7_7_10
5 1.70 1.70 0.30 2 0.58 5_2_7_7_10
